criptografia
1-inverter as letras
2-converter para binario
3-inverter o binario
4-inverter a polaridade
5-inverter o binario
6-todo Byte par soma 1 ( direita para esquerda)
7-todo Byte retira 128 decimal
8-todo Byte recebe 32 decimal 
9-converter para ascii

0110 1000 0110 0011 0110 0101 0111 0100 0111 0000 0111 0011
1100 1110 0000 1110 0010 1110 1010 0110 1100 0110 0001 0110
0011 0001 1111 0001 1101 0001 0101 1001 0011 1001 1110 1001
1001 0110 1001 1100 1001 1010 1000 1011 1000 1111 1000 1100
1001 0110 1001 1101 1001 1010 1000 1100 1000 1111 1000 1100
0001 0110 0001 1101 0001 1010 0000 1100 0000 1111 0000 1100
0011 0110 0011 1101 0011 1010 0010 1100 0010 1111 0010 1100
